12/14/23 12:35:02 EST -0500 | ########## START ##########
12/14/23 12:35:02 EST -0500 | ##########  END  ##########
12/14/23 12:36:02 EST -0500 | ########## START ##########
12/14/23 12:36:03 EST -0500 | ##########  END  ##########
12/14/23 12:37:01 EST -0500 | ########## START ##########
12/14/23 12:37:02 EST -0500 | ##########  END  ##########
12/14/23 12:38:02 EST -0500 | ########## START ##########
12/14/23 12:38:02 EST -0500 | ##########  END  ##########
12/14/23 12:39:02 EST -0500 | ########## START ##########
12/14/23 12:39:03 EST -0500 | ##########  END  ##########
12/14/23 12:40:01 EST -0500 | ########## START ##########
12/14/23 12:40:02 EST -0500 | ##########  END  ##########
